1000
23170
7299
3825
4677
11421
5134
4093
17496
12803
32575
29053
30430
21658
11065
27545
25265
1514
12080
13632
11605
13939
22131
22043
17185
22340
27561
21695
7327
6601
18778
5414
29493
25061
21426
31584
10500
7744
16258
9862
26640
31459
19080
22512
15521
8706
18672
23207
12010
32536
11290
32541
8169
14394
26270
32540
28046
20900
20878
24061
8735
12185
30459
6426
13019
27242
26042
15494
4574
10452
29287
12283
5956
29838
2475
20499
1425
15651
30651
10171
11601
31998
18721
24037
29691
13507
10431
11134
16923
12518
24337
28064
7344
19830
22194
10248
28115
11321
18978
3018
16538
4350
32454
22083
29756
22575
12592
7248
10870
15270
5793
21949
29997
22977
6092
15617
1876
12985
10461
22312
27920
4143
25274
14352
3866
2824
16777
22232
1382
9083
11378
1686
32002
8040
10918
26440
13632
8940
27040
25358
22551
14130
30891
2966
12743
13196
23972
27607
3004
15554
26369
8706
11957
20138
24338
21941
20517
1016
1159
24178
28377
4184
27699
11857
25308
8378
12303
21745
9368
5613
3970
11956
3901
19824
25823
5164
8807
27781
5168
7632
1787
24966
22322
20468
23377
3964
2720
17144
2713
22510
24756
7103
13175
30455
7404
26722
25073
26011
15626
13606
8331
13915
13150
28076
9392
8199
5703
24168
6740
10964
26872
27220
21208
13231
24952
18662
23342
14800
20460
24639
15677
10897
2841
4005
28807
8065
1573
32307
15881
17076
29597
16847
7010
19806
6589
29277
16696
21664
15339
32050
216
22690
15748
19660
7452
18914
25051
6336
10898
30924
19839
29171
15066
9098
11453
24333
22352
5661
9062
7467
3820
4269
27091
22741
7014
26653
15141
29487
24989
5347
30929
10099
20793
9239
10077
9374
26511
16073
10340
28522
22982
15256
21984
8317
10808
28288
25257
21216
11547
10996
9272
22194
16481
11309
10673
31774
15068
22465
17441
2698
22182
3703
25603
14353
6848
32602
28682
13620
2041
12556
31002
8396
3346
13661
28567
30787
1567
15132
15843
22532
19248
29230
27682
8240
4657
30172
12609
20883
10255
12657
5430
14038
17693
29445
2185
11766
181
8340
5395
9717
10274
17235
3078
9423
31933
23875
21805
27055
7511
15622
17269
32611
7895
17394
4781
21261
6180
21092
29322
8988
9542
20054
17134
23163
9672
30772
25961
11272
14944
492
18433
584
17874
7237
3374
5977
29969
28273
29993
18728
4775
11237
27750
32228
10584
15464
25439
11442
14850
10858
21396
24226
2248
19352
5584
15329
17775
22445
28077
31025
4872
24971
28250
14743
13008
26250
7324
14419
22100
26640
29203
20245
23769
17250
9663
11374
32762
15289
24003
20101
13203
27289
11880
5643
15582
2654
2660
1393
17628
20248
2141
88
27127
16792
8617
8009
5349
20683
20056
27558
5327
3399
8820
6112
18099
17188
20615
2027
19463
26125
13662
15855
5279
918
20749
32577
16336
12240
20787
17809
6358
8220
4223
20581
12915
26684
12147
27334
26073
3504
10856
14648
14538
25919
4307
9200
28414
28372
16838
12610
19141
9099
20922
25689
16621
27148
32139
29738
9190
9496
20164
28330
2596
4193
21789
7231
29637
24479
6466
14197
29556
21472
11478
19699
24205
15135
31672
22445
18561
3609
17029
27995
19837
8284
20062
3881
28742
5793
27115
29360
3944
5979
7071
22309
13711
27024
6462
15056
18741
30184
5277
1216
24445
24068
17834
30398
13919
7696
21931
31615
6662
27804
4043
9502
14710
19623
31442
28617
11890
1533
16436
7354
15517
30660
1101
14696
3039
31057
5099
9983
25098
15680
2829
13838
8126
27331
22762
10880
1162
24890
17717
15310
32339
23044
23200
25971
2042
23701
23199
7071
23353
14537
7790
14383
31182
31608
2389
13277
20956
4427
28715
32692
398
3022
6681
4808
32253
15558
16032
35
8532
7108
9437
10498
25650
10746
18444
24386
17999
18510
9548
3093
10851
13229
5793
12025
10563
7074
24383
18667
8269
1831
19718
2007
32519
31675
4937
18004
6147
6836
17107
13198
30982
10455
812
14211
3688
13350
28952
26483
5566
19449
18017
7825
9143
32592
11990
3839
16708
5480
28308
24313
25596
13452
15748
9809
17854
27438
31781
24603
24472
20278
9612
9385
3047
10138
8873
16314
5056
21551
25291
30446
11151
26559
23910
5245
8958
10331
24853
2601
19481
27122
21467
16497
23983
30499
18606
26120
21755
31824
3638
21381
6787
10484
6866
22364
28225
31542
31196
32269
24321
27070
7726
10907
20746
24519
15844
4928
22528
16245
7012
30303
26633
24169
24476
7098
8751
12436
27019
30181
16390
5448
14083
30715
25230
31381
19117
29583
18522
19154
13133
4837
12018
22650
6215
17250
25463
15418
28515
9282
18053
22855
16333
19849
18269
31733
5728
828
6724
18054
3875
10448
11814
24639
6164
2275
9599
6850
20773
17706
22140
407
11653
683
5725
2060
14880
9772
21533
18751
11625
13547
18005
3705
9303
11663
12382
4029
12461
27999
693
8865
7295
30130
23204
19293
1778
9638
9503
25634
15939
15381
26861
20141
31499
13765
31752
25627
24769
23519
10309
5887
26496
5795
823
31666
4874
22617
32081
10986
6926
13451
27724
12942
26790
30577
5320
2249
3364
20909
30518
13662
5646
27705
25589
9531
25191
30877
6843
23632
23856
4453
31031
31137
16687
32466
31989
16794
18927
13264
7297
8867
30216
5928
15311
26613
16032
27895
16346
3756
26674
29791
1420
28957
20623
3452
16350
15465
24098
31641
320
25683
29815
6052
29755
2382
4607
1760
1877
1242
31501
18906
4149
4113
5669
14238
10759
14461
23926
14634
21282
5933
2469
22819
3560
32264
22988
31687
2286
3937
7363
21283
4702
29643
24478
25478
23193
8750
25974
11317
18976
28186
19565
18528
28340
20572
1004
7253
17340
7631
30767
25332
23016
8309
5892
12131
8724
18118
4559
14083
24431
23880
210
30626
1244
1632
19371
3570
408
25704
31518
20537
16669
10753
22549
331
25159
1195
31717
12214
27062
5523
13779
5436
29555
27819
27095
2694
10198
14848
19616
25366
30631
10569
8407
17790
25475
7099
22952
21455
21121
13349
18047
14421
15382
26936
11279
27265
10550
4646
28313
16423
20668
8560
12651
7914
21260
504
4007
25076
22775
19038
21061
18410
6623
14985
18267
32030
3355
14212
7836
5639
19100
14732
28447
3567
24273
24679
19043
7660
5577
