10000
30368
5523
22091
21596
3751
8895
15423
21078
31868
15418
30748
29205
24188
8383
16447
30930
27667
21721
18074
21003
7888
30630
19041
10861
29119
21722
29190
12791
10995
22534
360
18781
25442
17691
16456
7850
16630
23082
9468
32042
5856
15981
5991
21639
24624
25227
24616
15154
18594
13848
6162
28676
14267
22107
11228
7974
4629
6741
18458
28206
9464
8190
16748
5002
28713
16082
19702
32034
16903
908
7440
19001
22995
6450
13886
7316
1104
17233
4194
1247
26252
19850
22576
3660
27389
5197
25827
11645
1231
2789
13870
5796
15741
25269
3702
16105
16543
14273
32062
3340
23043
26224
28131
32075
6654
28304
3721
15494
5124
1946
9045
32417
27511
18999
6621
5162
8893
4868
28892
827
24725
658
18475
10146
8107
16050
11500
7744
31850
22767
30216
32687
5393
32347
17629
11816
12297
21647
32304
15011
7286
10221
20329
9535
268
20264
5119
31973
3363
26631
12081
8744
16398
20837
11767
12656
15017
1661
17720
22616
20274
16228
61
6740
17242
31447
13158
18583
30875
21815
1819
12596
28363
20690
12038
18819
21746
29540
8575
22470
7257
23774
25416
24588
16867
15205
15227
22614
16800
16542
25536
26617
26784
31785
2243
13891
30981
16235
12006
3169
21596
28305
20275
20096
8238
25297
16532
4147
6353
16883
16710
18453
1668
28433
13451
26287
2236
30875
26783
21660
11192
10141
30958
7146
31835
5189
8324
16580
3643
25504
4293
3406
10230
4772
8286
21713
2501
29299
26235
29208
595
14814
5691
1306
17871
20520
11872
13273
15167
13581
20812
29321
13336
10755
22825
5877
16908
192
31847
15135
7972
13052
5739
13094
23566
10104
26757
6765
18616
18495
26403
15354
19230
20012
26437
23068
6240
26028
16433
6481
1047
4293
13672
4710
23017
27224
15576
20448
30043
11939
30035
15003
3047
11529
24896
14769
23887
1814
14737
2461
15920
24766
27893
3745
12506
26085
8014
9829
95
18725
15717
15584
4586
8139
30940
10363
24658
16162
16485
4468
21999
32501
2098
26753
30893
1359
30381
12471
7262
32645
18792
8361
3925
27766
1623
24276
30000
23570
19773
23867
17397
18457
23908
6222
5985
27173
9105
15632
20092
13035
25655
31353
10097
18110
21995
537
19869
9045
16408
31743
3558
21197
29172
29145
9550
20465
9650
30045
24007
32698
9210
1511
27978
25618
15254
31075
19235
27613
24942
27757
28559
1082
3254
32183
12680
20230
9062
22699
14048
8867
2794
21330
10893
14071
12571
9077
11588
9143
8559
28418
13385
5093
31340
15280
19077
21143
22371
486
26585
5371
602
26330
21170
9624
586
25078
16349
21718
22923
20863
9373
21185
2188
17016
28411
22026
10439
28612
6238
13390
13300
15500
18011
20379
19325
11744
28110
32049
5171
10145
11306
18821
31295
28830
19213
15756
29019
16893
8728
2357
1346
26077
19197
14136
20068
10553
23513
19982
7903
9487
7109
576
31659
8898
26023
24037
13844
8126
11599
358
14702
13402
23231
24965
24836
25090
28617
9886
27217
3221
11232
4396
22387
8972
8744
1934
21980
15197
30159
12556
32075
9630
12448
16917
31482
14958
26581
24010
32025
26769
9005
12481
29308
17882
14911
10498
29329
10062
7182
28502
24980
1158
13533
1474
9478
10837
26181
12110
31835
171
17796
1290
20979
26553
5144
23635
6219
28758
9869
25171
1909
29602
11667
4295
20165
19945
5459
24581
3790
16586
28419
23101
12172
16536
6328
29695
26339
12544
6012
19965
840
21740
22433
17427
20159
30120
18261
28036
7685
1347
32630
29319
24590
16441
28327
23298
16818
4686
15011
14997
14755
17085
19409
24026
4258
11154
14105
23787
14834
85
31223
14117
4109
26600
15565
23596
18839
28082
3966
17967
14992
3582
21560
2414
13773
24989
19601
31993
8873
11475
31958
24762
6904
21873
22943
9397
9532
1086
29607
13711
24348
30107
5595
29261
11281
15719
2481
12127
15459
545
30139
27357
84
29516
2684
5648
23450
32536
29050
6196
11539
2878
12948
28284
32437
13612
918
3415
29124
23906
13835
26354
15175
540
14163
15102
17596
11569
22261
5043
17675
31035
18230
5141
26041
29176
3050
31606
18526
21488
19338
572
89
28504
13959
29668
21698
12855
30942
10823
24224
7623
27117
19996
22364
11038
28292
191
11126
25357
16704
21297
9591
11593
5396
11871
17703
6856
17961
4263
5887
12142
3304
17560
8161
28393
26453
29945
12551
12506
11422
16909
14394
53
32499
15382
24644
2538
3993
26392
5543
24261
26938
11231
17295
3218
13440
23107
23814
21126
10978
8363
1639
29914
11197
7376
29461
29625
10150
27076
19308
10588
22015
20274
12024
4980
26824
30183
9957
19400
12984
17809
7351
29727
29580
20423
10556
6496
16032
27722
20414
20984
12220
27275
31100
7036
25136
31853
17756
15247
24099
15947
32730
10247
28712
61
22340
14923
7954
13463
8233
12799
13322
10163
15887
19172
2270
25841
1124
27129
4252
27899
9143
9703
20064
8526
30504
11931
11882
2294
17949
22581
30067
21144
20023
19745
14913
14262
10629
11139
7546
9519
25847
4569
13238
19717
23317
24284
21975
1379
9968
10406
19357
6367
17241
12058
1141
27644
10834
19841
21138
7155
2242
12145
23615
31411
23149
19699
14196
3110
546
29156
25511
26806
12854
21660
5604
10512
14642
32718
2848
16167
1737
5039
21707
24700
32013
8795
21412
26014
25058
11124
21713
17132
1202
31500
1327
32418
27746
28613
12007
18452
8581
27702
30018
5172
26832
30609
702
25434
462
20867
23905
5189
15829
32092
21837
26717
825
2160
16789
7482
4287
4029
32591
16234
5461
18638
26346
6767
28672
4575
11202
27144
11285
19777
23026
12466
3500
3072
26217
22381
16978
19396
1345
31427
2558
19445
14924
2311
27719
15906
22511
5595
19923
21924
24627
1780
31251
31358
31769
32290
29997
9096
32046
9354
10810
7117
7520
15158
18866
14129
28944
5329
27684
14935
16232
23723
19755
31169
13551
20228
12957
29753
9306
18054
21509
27760
18854
17171
22100
17894
17251
19905
12243
10505
13907
24099
2140
12961
20275
9419
27082
12907
5849
24332
21678
15620
19583
6149
3396
5385
14943
31450
13477
12157
14464
6725
573
22379
20943
20814
12672
13516
16241
8534
30681
15018
11864
12634
5859
16518
788
21110
24284
19192
4076
11688
13655
18325
28974
32471
29744
16405
963
276
13509
18614
10758
28703
23395
11739
21207
17197
30463
9465
30442
1256
18727
1203
101
27832
2616
18500
20651
7489
15824
25118
22642
11309
11142
8656
30236
22315
20441
12589
3652
2615
22887
27819
4759
6941
1632
6921
27365
24120
30265
18485
29815
30848
17317
18284
2980
4804
31425
8355
21407
21043
16270
27942
12435
14881
14501
26495
10226
23304
4646
12953
6922
29389
11506
7205
4057
25157
19994
24125
31778
7160
25239
9287
18112
28709
11067
22301
29499
23046
25831
29803
11161
12884
16639
30040
7286
27406
16923
2152
22359
14455
20735
8864
12092
19294
7630
11244
17268
161
8570
19135
11445
10740
21375
4857
108
21471
26577
7181
7762
11526
10514
16995
31808
29357
17161
6139
25668
1659
4432
18516
22772
4478
17996
29580
5122
22640
32354
17608
21265
9529
4968
18390
26311
27060
17498
16913
14372
32694
1359
4741
14354
10829
2987
23892
27965
15429
27285
1625
5156
2033
21420
16138
1393
31784
20469
11171
22149
4749
1304
25473
26712
29459
23245
20683
22656
28865
5265
13144
2191
17331
13213
19149
12194
9314
13592
27654
10807
11301
140
1464
31807
7927
6807
22612
14709
634
28643
25902
18413
9788
19543
22750
12528
313
21135
29926
29703
2210
1930
15510
4182
25565
18083
26925
14379
8653
12739
26945
25303
21331
29140
28513
12477
12053
23417
21496
21928
8830
19452
20084
32098
29702
21128
18856
24194
23219
31128
22383
28549
11999
17583
1939
29216
6205
13898
9709
18645
23831
29202
9165
19141
14041
20311
12444
2501
20435
28602
17855
16051
20027
11817
10687
20491
4209
31249
11943
9909
32391
29390
12206
17697
5377
22375
4630
21654
3289
7800
19796
7367
17607
19055
15985
6568
20415
19963
19120
9087
19642
5314
5489
23870
27577
1107
19797
23824
17415
2395
21667
17202
24511
1307
18667
13060
8335
12057
11753
25184
25019
16150
16299
13098
31589
29505
12278
2856
2827
18090
21223
24084
9553
27641
32470
7664
21761
24672
9087
1434
2896
10958
23652
29088
25955
7014
621
15189
27409
7983
210
18981
10987
31757
28986
20261
22393
2288
17189
24302
18887
13899
29319
23980
3360
31432
4533
29042
22554
30778
10885
28369
5843
27858
15025
29608
27257
17559
20349
9277
16912
24336
1178
16013
28783
23875
27209
30689
25484
3044
5828
22690
24826
15814
26329
2670
27568
10901
12760
19563
14092
9671
29871
476
19224
16848
14420
3826
15883
13205
14179
30692
10003
2596
1801
30274
11857
3746
18208
30854
24101
24708
7579
16364
6573
8707
293
4227
23688
18633
5893
10116
10208
26353
10309
27619
16551
46
29203
3365
8992
16202
21863
1137
20386
8147
10726
11241
21657
24593
14343
24635
14797
20282
7796
24690
12519
19433
9907
24595
12081
1741
19717
32613
21661
23966
32654
7696
17417
25174
22711
15337
20673
25245
22737
23565
9541
901
25339
7725
18253
17783
325
552
7435
1134
13333
2527
22448
18530
20682
11589
26417
31240
13216
21685
23371
20408
18643
19849
21957
1710
12552
27880
29173
15478
1256
21727
17797
31906
31758
4019
24183
22206
31523
30070
25191
4230
19783
4057
13072
18518
3251
28737
15378
7137
32413
11293
19955
10022
26204
29558
10851
28576
5069
30151
9668
4029
12533
2320
489
13970
4840
18214
26142
20429
4585
5453
6249
26603
11474
18952
23568
8363
31671
25904
6491
18882
13766
3652
12955
29136
20081
19712
10859
915
28112
12337
32566
17242
18496
22215
24570
16573
6481
3884
7755
4236
17887
212
410
25349
27006
5142
24503
19018
21276
3130
7829
17682
13537
2003
846
24990
2906
23375
29286
3311
32727
31180
1364
25142
18961
24621
6462
3724
21776
13933
15109
7395
11084
6964
5249
15932
28179
19880
16142
25115
23594
10630
8007
13112
11191
10609
11793
19576
15198
25482
21212
14875
24235
13376
13093
6967
18864
2922
6975
30565
24559
3987
25684
7354
27258
2964
31655
6649
31064
23145
28443
10502
29739
17725
8953
7582
7696
1991
5358
11334
4295
28377
20563
7553
29460
17718
30641
16710
28260
677
1925
14001
10164
28995
13888
23545
16303
15645
5522
31394
7702
8702
22760
1012
3173
11142
25908
29099
25524
15228
3564
7920
20955
19045
9045
11656
31193
5718
13825
19276
29559
13318
13206
27609
28200
13863
16594
19080
31540
24311
29900
18593
17173
4114
22909
31691
10785
27786
21886
199
10346
24889
25363
26206
22755
1878
14441
17560
964
5447
17692
21551
10287
20918
10492
6723
18707
15591
2065
31823
337
25673
24541
20572
8989
5195
16864
15733
26279
23664
5986
90
27643
6566
21100
26745
5158
31444
12312
8473
30107
13234
28682
6873
28629
20957
9535
10585
8765
26667
1030
10551
19021
1083
20811
16957
19702
8785
22299
6616
28479
4961
613
2508
560
2410
3582
12071
1518
15878
24296
25971
2087
26430
30164
560
16816
28322
6629
25730
14189
7834
8375
11558
25202
14839
30624
12970
9063
12749
21046
1502
1329
28037
8721
6790
4815
22830
15314
26705
17537
11796
19811
6159
18480
10644
2433
4382
10506
9774
11384
31525
6765
19164
15918
2053
27142
17570
13667
6669
23866
15975
24631
6766
32196
2819
13805
5102
6560
13721
30190
26080
31272
27687
14353
9043
5758
30811
21017
29322
17705
15017
13952
172
12547
23450
12403
23997
5458
10087
8477
21709
1333
18374
8744
5231
16962
20484
12673
15213
26221
20308
19036
7610
25899
23911
3961
21928
10200
21820
27301
30043
18774
12858
17795
27774
13560
17276
16268
30260
11422
10604
1365
9042
31265
20883
11536
21707
20465
25775
15446
14956
7420
23302
15140
10697
22482
11003
30755
24951
1287
17887
25132
3195
31961
22281
6923
6659
13331
31017
10115
15700
3122
21977
24723
10756
28357
25461
2552
24681
14362
13613
12787
7761
13590
4440
15948
18419
14437
16907
19095
23846
2772
21483
15286
20177
15098
14143
11423
18595
4126
30538
6240
17156
9301
31703
25952
29003
27115
2325
13799
24625
8196
29093
8672
22661
31363
12018
15838
23074
299
21441
4958
17183
27140
3337
28236
30533
29441
9476
9160
7110
32479
15494
13865
15147
31056
11918
31298
25999
18009
21018
8677
8459
16633
3648
20390
15985
3339
29819
6113
26173
16493
21827
4863
29128
10082
736
25844
25791
10293
13951
24076
6868
2592
19334
6376
32179
9067
17701
14787
22328
13016
21037
13051
5087
26687
17190
13004
2428
24694
9884
7774
5676
6259
32697
15874
11147
7093
19225
32440
6695
29152
17881
27894
12597
4007
10993
19620
1667
20206
23236
29291
31406
12848
8438
16943
19861
30495
3198
30426
22285
15499
3580
5980
14295
16261
20556
15600
5839
29636
32603
3744
15973
31560
28985
5643
11857
16700
25968
20838
30083
15393
20117
9921
26713
6953
23068
7307
1813
25313
10864
31577
10382
15635
30532
15587
15654
32747
2083
27727
15867
12376
15695
23475
7266
949
6856
21205
17809
9385
2475
6965
3739
16204
17341
3405
7330
6283
7496
791
7495
13517
8486
21456
25446
20951
13083
15612
15361
14316
11368
23722
3961
9785
9884
8441
8964
24177
26798
20699
3675
5045
10825
4633
14771
16566
8551
4247
30703
10525
3617
10970
4372
2603
14533
18375
20733
16028
5674
14765
28240
22994
1600
21126
23984
32303
24811
3450
25908
29379
17682
29093
1048
15399
24051
4634
691
15528
4793
20264
16041
8104
21584
15580
1890
5186
32120
21190
7867
6957
31000
18688
12795
27619
8917
18029
24328
13570
5604
17471
6619
15346
24092
19132
1585
8136
16208
27457
6531
17258
1755
7047
6457
8948
7036
22053
18715
6235
16229
9302
24072
21329
14478
29949
2282
2152
21327
25830
11753
7033
29486
23631
7135
18759
9718
9639
22540
5216
27913
24981
21004
31044
12534
31804
5125
11721
4942
1982
17189
28606
4788
8190
1100
9935
13620
15275
6405
23976
11478
3706
18619
22110
10866
24754
27178
15882
21189
32750
8467
17335
2501
11550
9268
5758
2098
11216
8055
3823
28526
22190
1642
1971
20366
23879
27375
10608
21425
3858
11317
11757
2192
22447
4582
24183
29015
20593
10146
20867
24244
2842
27821
11156
15405
31205
11236
26463
18358
6346
4086
26925
26499
15357
18384
24962
4635
10168
20313
17148
31918
21818
12384
20349
936
2320
20434
141
390
7827
6961
20217
2024
11442
10817
7616
12008
26609
10501
19504
28331
26034
7657
13133
14133
9395
24641
4722
14978
32473
21234
12091
7378
26668
14191
11425
32580
7970
11496
23911
6310
12832
12222
5558
20620
32318
11577
16388
4255
2891
32637
14650
16440
26897
26042
14357
7726
29145
19620
17356
27884
5682
31523
32244
9414
5615
30539
17313
8333
19055
14222
27087
30816
26145
29744
6400
32454
19782
11516
3110
5114
27641
14134
14018
17286
11629
26576
5710
24595
30839
11744
13017
4480
21836
12626
4849
2353
8331
18906
9925
20650
28542
25133
28299
26204
2461
7025
24608
7358
6995
17650
20462
28576
1541
31766
24851
17341
29009
2195
16576
17551
403
18655
12510
21607
22446
17129
9720
17084
15881
11526
31829
15555
9943
814
2148
11329
24476
31848
1630
30878
7660
29827
11558
24122
18806
7687
26740
20484
10050
4203
32306
5960
18999
1672
8998
9672
27872
24910
17106
19983
6256
17078
32408
22018
15619
21751
10274
6072
7974
4605
15105
9355
16026
7959
6548
7791
6741
4336
4396
15235
30154
11200
26989
10214
874
29635
760
14796
6251
8683
18759
11217
19912
20690
31703
20877
12937
30194
4749
31336
29508
31512
16723
30383
6884
3094
24322
29416
20649
27832
13188
7523
14192
27386
28986
18962
21045
16760
23963
2202
4566
32294
27934
24746
28697
16705
22106
10380
15345
26758
24684
10746
31485
31393
28826
2354
1106
26344
6966
8781
14458
27977
15300
20684
31420
17025
22623
21876
20382
17551
21592
20060
17577
21353
13857
30020
1388
8685
1129
6184
16836
4890
32393
21
18778
30592
13343
14908
108
16117
16376
30533
4561
29322
10804
29925
567
2750
13732
9651
2224
30193
7287
2871
20589
25371
22
30276
1992
9405
4172
8584
24712
16408
11690
23138
25953
31902
2858
11251
18619
1958
4882
16504
4277
99
4891
27863
17512
23
29651
6775
32368
29316
32576
853
2217
21155
31430
29781
25910
8089
6218
2518
26824
7655
664
6792
18972
14561
2306
17538
19142
6241
11850
20623
23854
16060
7875
24521
27608
17141
20914
5994
9704
31537
23034
16094
29925
11115
10745
1053
32701
3177
20141
23095
24329
16111
26139
9776
26259
32562
21745
11791
10261
11407
32618
32306
4932
31101
2418
14564
22285
22465
25099
1074
26655
29921
7663
2554
20649
23258
25974
15940
11621
2325
31163
24533
31701
6552
5370
26370
7629
18042
10813
22211
13873
25497
18488
9224
17152
8335
9073
10064
6289
9953
2980
19575
8733
26746
20581
29903
2942
12888
22791
16243
14390
22406
29629
11224
11187
2122
8191
19109
18130
10655
22575
28869
32417
16613
7805
8378
28777
18392
20744
7732
30444
31935
2373
24546
9451
741
2725
21384
18667
26445
1138
10322
24121
23970
11002
4968
3884
18797
27632
17090
11434
26507
16911
29246
16109
11229
27648
22255
4999
10049
2686
21688
27812
2497
27064
12826
13712
5387
31223
15947
24697
4897
15232
7560
20853
9554
8636
12203
31431
32617
12694
17664
3678
25380
24357
5461
26782
28648
28299
11600
6243
6834
23581
17926
10307
25169
4036
15048
3348
5075
24482
4416
23982
13117
9721
18366
14322
23679
28233
24012
30476
12454
32185
19208
7924
9044
15032
22579
8507
15469
14308
3717
24324
8724
26155
12611
3153
32470
12848
30100
22656
6180
4336
27793
21
10503
16293
21403
11193
21775
15083
16113
16515
18317
12577
21121
1399
21249
29714
31999
16972
9430
11732
26933
15219
24909
23793
6554
12116
15288
23493
25125
14555
24296
30503
13411
15155
14824
22604
29128
15057
1260
17895
14403
18357
4740
149
23828
23788
16661
15993
2530
22874
8330
2595
12296
30134
8263
2231
17969
23510
22878
27467
1060
17197
18694
3984
4321
13970
3913
5045
22252
26434
1532
24968
29417
12585
17396
29919
28777
13405
24695
24886
18692
10220
2801
23193
22952
18903
19176
17861
16944
4190
31794
5002
25400
126
23398
27507
28208
19897
13968
27049
15280
10005
5673
29717
23563
21863
29254
27333
5671
3793
18447
14225
18572
9098
9075
254
24762
26589
28954
1122
23744
32629
11419
23369
2826
28119
16112
12312
31867
4144
8487
9712
23740
25681
5977
30677
9427
16632
6112
4880
23543
25425
12997
12497
23202
30140
3448
13081
17385
29649
18116
18647
10505
4001
22273
7506
2882
31807
16524
5830
12264
16768
9332
26706
31415
31998
3958
31505
16999
13411
4908
29320
21376
7396
32641
20544
5488
31755
20584
31411
1498
1466
9166
11117
32306
23405
19404
2155
30599
4287
20770
27847
16543
22832
31201
9367
23113
17189
10343
8210
28143
9264
9872
25076
4715
6802
12587
11556
21275
18430
22443
13716
11576
10656
1055
22633
30563
12638
16229
8029
26497
1118
1434
4961
10953
712
16084
8838
17435
31949
12308
7453
9364
14568
30838
3613
12895
12131
28331
29382
12750
7966
29353
5508
17577
24460
1953
4118
29638
5118
18994
14575
30425
9252
5852
32733
11918
7632
29879
32232
1237
25598
6245
15485
10109
20242
4933
30668
20741
8800
745
24686
5039
31473
21707
8267
23253
7044
29243
9915
5760
14804
26780
32747
17719
12569
25040
15235
20501
15825
241
9861
27935
9920
30530
23672
31700
30518
25957
29639
4101
11920
23758
18788
7910
2305
5495
12208
614
17811
11221
1183
18108
3432
31500
29463
30274
24646
26463
25498
22407
10835
11498
24613
20895
26396
1683
28504
27326
30172
16702
10966
5382
764
3904
5359
15772
10966
12310
29053
20993
14782
16472
9739
12192
11587
17896
25917
12707
23218
19567
10604
20747
24284
9738
17040
2816
15129
9280
31587
357
17293
23864
6595
2480
17066
20776
15960
7673
30198
1041
26488
25680
18447
24490
6983
16468
27628
29081
32035
8962
15717
23017
21055
3274
2806
32185
14733
30184
11456
21041
6882
4337
3280
21435
4437
7084
1188
32111
21736
12836
13291
21710
26474
22523
13453
23988
2203
11265
20459
2696
13714
31237
6504
31926
14172
7916
4648
10591
1254
29440
14872
13903
31772
11914
12846
9007
13907
31906
21490
4859
31716
12358
25149
18871
6938
20394
14144
12894
9807
27087
5065
284
23889
27223
29634
17852
17931
24472
3066
612
14433
26351
21801
6784
24923
13142
18478
11772
390
25145
12186
13494
27287
4742
12914
28211
82
29188
31793
31121
16554
13541
9741
10684
5930
11166
17787
27109
32659
27382
17397
17968
15303
14941
25595
27821
8421
15488
5976
14986
16310
1562
2726
10631
27720
5901
2580
12713
26840
27057
9063
29491
14325
3180
10559
15570
23011
31107
31644
16920
31038
8495
14752
5675
19167
23028
16535
16063
9476
11054
7220
29505
4522
9709
19485
23637
24638
16386
683
26499
31349
25946
16618
813
121
13195
29672
22213
28741
5037
30508
19261
23634
9835
8324
30654
30067
13913
14596
18076
27645
9353
1867
26250
27692
857
20232
23562
14786
21390
27069
18216
12017
6055
23747
12648
8827
12651
4239
30717
31000
15813
3379
9787
26136
25297
24615
21583
8009
17463
3914
24110
2075
4536
15652
1739
6146
25606
25198
23437
28
23513
16596
27648
21524
14143
29433
10699
14918
20787
15804
1250
26404
16242
1722
6140
26584
650
5139
31048
43
31796
31090
859
8101
8163
22087
10861
12789
4509
18775
12742
20116
9994
15735
21875
2982
32459
29588
15421
30753
8716
28151
17884
304
25693
8391
2407
18138
30141
3024
6159
9183
23288
8578
22541
27874
16436
7997
3033
10957
22982
15052
22941
21618
18250
18735
26345
19310
11506
17053
23720
8275
30494
18377
26451
25094
31789
3173
1892
31845
28819
19172
17934
27181
24876
9605
8747
15899
10193
6285
18806
18258
3624
25043
29178
21757
4800
386
26570
23861
1117
14363
8947
2853
26512
9657
31151
30828
23179
28313
17115
5570
27444
2265
31915
1759
4984
6016
19357
30105
20450
30399
26027
8268
1132
23927
15813
10110
9109
14330
894
24259
19379
8214
19206
9439
20107
5712
29016
1835
22303
24685
4276
13370
8647
12599
6480
443
31363
32125
25163
2465
30096
8796
18146
8834
5689
16573
9190
14141
22512
29215
18797
16864
19869
14999
13513
28105
19254
23572
9910
9483
19856
28392
27095
3347
5237
25476
23908
13963
8950
20867
6173
1150
6658
14315
14210
3773
8504
4783
12101
898
20986
27000
11520
19540
22723
15268
25636
31274
16570
28047
22065
15571
7559
6930
27437
27029
1893
29514
28239
21781
7544
411
17147
1142
610
2036
26099
31173
1809
20052
3787
8085
30682
2957
1437
6118
16332
19272
255
29260
22078
30025
8242
3405
10923
23028
21916
9994
704
26640
21880
24866
32434
28620
23757
15315
14293
5887
25756
19554
11627
25268
5470
12989
29625
31206
3758
4704
22881
1416
22338
4725
30443
20937
2335
10559
23717
5269
3597
14008
21165
32095
73
12921
24396
29214
891
28891
1925
7573
10727
17244
32238
13016
14823
30788
13247
2572
26521
32136
41
31342
22229
10990
20969
5527
31074
30578
7964
10238
7529
7656
1877
8894
16425
29924
23533
21145
30957
32215
666
2109
4155
28538
26179
5575
5967
16240
27155
17798
5064
28455
4813
11777
5024
8191
23135
1851
15713
12974
25017
25909
12438
30179
29919
31669
19072
10281
5437
20294
8971
20750
32316
30592
22016
13701
22546
22153
27772
27530
3294
27100
31393
20740
29684
6217
17803
27119
18293
8509
1414
27066
6180
4420
6270
27630
13172
24524
14519
8209
12262
6700
3006
27850
5009
16357
7583
20038
18690
13351
7256
29657
22087
26775
26510
24809
2631
9551
18559
5384
5205
4646
26168
32608
14852
25906
18951
16724
7996
23180
2100
1124
21645
22867
24812
26449
8132
27124
28030
18050
12988
25000
11722
25511
17527
26430
2549
12444
16493
13594
7266
16784
36
15486
22494
10854
17153
3592
24091
19291
22622
11132
6752
20714
12253
9924
29822
27373
17403
12853
12294
32516
4840
1556
19385
23098
6550
16217
30016
9702
1295
7090
25886
9168
3597
14027
14050
30101
12996
11469
4513
29517
17155
17957
13475
21866
29307
4230
15453
13795
25950
2353
13215
11411
27437
15476
17679
2780
23499
32368
8406
31375
19157
8480
27289
1040
1334
19351
17323
16309
3317
22153
17793
13936
1874
21005
102
13742
20754
6305
21103
6782
11543
4975
10930
22518
16691
5071
3251
15570
21822
26124
26655
15455
2150
363
6333
16024
28871
31081
8865
15246
22844
5189
32419
9741
4468
10942
2831
27004
1096
13598
29854
32517
2123
10615
11173
24054
7843
3885
14733
19303
5144
27572
2691
19742
14443
27803
32624
17327
8169
29386
23596
28647
9023
25352
26095
26475
4496
24512
17928
15517
18629
20484
1233
23999
10277
22482
12514
28507
4389
9622
1669
9698
27265
14577
11114
25235
22923
1721
21148
6046
9667
7745
23732
14218
31401
13274
18509
13268
31695
13465
1719
20185
24370
18267
2288
17653
458
24327
6351
4333
10848
16915
21123
20362
28320
11082
21052
1671
28271
26572
27176
21166
22911
5718
29857
16701
29472
27587
5797
22670
2137
8403
1670
5111
3127
27948
10978
22256
20069
13214
9686
7027
32765
17323
8303
24489
31390
21575
27233
5826
32191
7132
16892
8484
22082
10641
22619
4041
9292
25548
26079
14050
13141
20469
25308
21441
6267
1918
14481
18933
2844
32288
32350
15287
11171
32103
5937
389
11426
31088
17218
17676
4642
8946
31232
17227
31543
23163
8266
31222
10711
26876
28387
17432
15595
8584
7456
10749
20647
20569
9188
26703
30999
6932
11470
29311
19195
13901
433
29798
26325
5198
4165
5933
14912
28948
22044
3434
27523
24475
18647
10891
9062
15452
3737
2424
10565
10515
6844
1652
1378
30149
707
4164
7551
6914
8080
5268
32685
10600
20184
2966
20319
21096
26835
26348
2242
28237
15928
26568
3665
9081
12904
8274
13476
4850
17897
9290
16520
11806
9495
11502
2901
6603
3862
13342
16764
17010
10507
19134
28512
1469
4492
11868
20583
5446
18517
25106
5200
30370
15932
20142
3783
17566
8551
11793
1334
5576
14780
17877
3807
11314
27033
13619
15144
21106
9925
23075
29237
2541
32679
4548
17340
28246
182
22527
6165
29297
3633
2663
30609
23069
1552
21092
23565
5521
15930
31377
16583
25062
13048
13154
25712
21206
31146
2826
29058
10691
19385
7324
211
7674
15820
14960
10859
31290
30527
6088
6290
13168
32209
13747
20782
23749
27036
5938
10572
7386
5451
154
5885
2130
7815
17977
21859
1426
19122
28220
3851
7620
9176
10704
637
24354
25058
27016
21778
13425
29709
4351
2054
21963
16027
3518
17358
13986
24777
21856
28076
5378
5888
3828
15232
3606
3407
27554
14817
23534
13849
29330
30828
8319
30987
17417
20572
25068
20049
6101
31068
7172
6666
31468
24729
2827
23545
4176
30234
5053
1917
22837
25684
27792
6083
18534
26105
27706
13370
9445
11794
8563
31047
32721
5709
6140
14651
16781
1944
28384
18818
4639
20718
9210
12316
8406
24689
14519
17746
3888
4794
5149
7585
762
3181
17932
20475
9145
21008
4036
27695
1865
4637
21928
13733
20932
21845
24130
30286
3238
2392
646
32219
31022
6515
13147
8493
25095
2489
30807
19981
12327
18517
19402
1822
18168
10526
30719
23567
27573
16236
22974
12821
15383
2602
11285
28825
30770
9773
16729
26158
9113
31428
19815
31173
16841
5265
9519
31780
12741
8855
6004
11668
27901
18835
17101
19418
11636
16784
3312
15465
16162
29110
7983
9942
152
32355
3139
5004
22242
32125
841
25281
6321
17670
13322
12201
13498
2032
18559
29673
5977
13619
6037
32590
4986
19742
29997
6079
21177
8426
17255
21872
4296
12437
10528
3929
9745
6894
4537
27623
9629
21484
23066
27121
4661
5443
20215
30189
28359
15673
24658
24420
11787
4022
11842
17059
17765
3483
21234
15028
26382
22101
3564
28556
10095
18354
13464
21638
4557
20467
3071
11024
28715
9762
28629
7588
19052
23718
27319
1787
24761
532
9137
14717
9506
17480
17667
23291
30856
18869
16421
10400
11962
13561
4872
14117
7646
1716
29343
837
15635
20891
32414
26225
5716
29896
25218
17348
3999
20564
2001
313
20311
10280
15779
8476
16360
10512
31073
4030
30377
17426
5325
31085
518
21501
11586
15523
25310
16708
2109
19582
13610
6157
8477
6000
19424
17542
17447
17976
17431
27000
23245
26385
21355
1310
19760
22825
21923
22583
7395
3156
23953
17242
7410
26882
19770
3722
27427
29807
14647
20234
3707
1305
7003
24434
24324
7031
6294
7683
6862
13032
24089
25912
19508
7914
22971
29341
25952
18572
20892
12260
13586
24614
7944
4662
6300
22343
4254
967
3890
14063
14257
2989
4704
9726
9454
10226
22492
13293
22591
3560
24702
15292
26608
17596
30861
29483
8977
20046
3388
31277
13083
21056
31604
32410
214
32590
15316
18468
24697
5853
4087
16524
18707
22230
5365
19478
6955
13748
24364
1594
15011
9436
832
13980
32739
19757
12384
4670
17459
31193
16331
7412
3431
9587
23955
16153
7362
23881
11937
25473
25877
28403
6138
12718
11303
5164
2881
14407
23385
4321
31868
7109
17290
30600
25883
7536
22585
1971
30774
3722
9705
23269
27670
970
1994
21412
31991
23820
24725
719
3340
30022
23224
30514
1476
3774
29619
11096
24140
20346
22210
1440
27477
25080
19132
7827
23575
3616
14139
16757
2197
24183
1277
23322
29987
9621
23946
19196
12070
30681
3607
19082
26396
27995
4523
24258
27612
16418
1664
2049
27422
6808
4780
9242
6973
10810
31744
13990
12860
19092
30513
2972
19976
23661
29237
26658
12796
7487
24048
15778
32170
4842
15120
4895
16601
24488
28214
6346
4298
4676
8022
6608
704
18055
10336
16503
12222
10740
22304
24681
9619
14517
1635
15183
26900
18132
21083
29602
28073
10670
27716
8638
9739
5541
20808
16185
4683
1046
26784
23666
28439
13707
19709
21613
27193
9265
17702
29406
96
31372
12258
16515
26659
25193
26392
27063
11843
16404
24117
29509
26416
11724
32718
12666
6607
19316
3719
13694
18299
13963
3379
9444
13642
15966
29244
12159
23185
10364
10821
6007
6314
6507
11791
32669
8180
30105
12185
29692
9756
20117
8844
24752
20891
12415
9173
27388
32384
25534
1172
24726
16496
30448
31797
12613
17899
9511
17884
9902
208
27730
11527
20075
14372
26617
19823
19038
26383
17454
2607
31557
3367
23744
39
14734
21490
23729
30627
4204
11685
29162
6456
12074
20786
26926
27119
1216
14210
17997
21158
14756
32255
11418
14002
31714
21078
11166
24009
20847
19323
17422
13600
25786
21485
14587
11216
32645
2363
329
11902
10227
13511
28002
1595
5090
16842
21803
7849
26234
21656
25144
30559
27654
26406
19004
17551
18435
3785
3523
742
18807
20288
3875
692
22917
7925
5551
11853
14397
128
4399
4015
31673
21869
12685
22885
1381
20031
9937
30379
24990
7092
7503
26322
17791
17739
18975
26598
7927
18692
7118
13455
27423
26727
25427
22837
18123
18119
2373
25703
28000
15560
9035
30334
6629
1311
32211
29821
32348
9881
28167
25148
17746
16223
32764
10182
20917
5496
21805
17919
12518
4239
18217
16010
29455
247
8840
13033
23991
22508
3619
32486
11411
13596
29317
21042
21663
28006
30108
3405
32110
28385
24244
26021
9406
9760
30375
5378
8272
18612
14413
6177
29175
10483
25914
16543
8686
30456
21161
7706
4974
4843
691
658
1920
21635
24005
9749
16913
27592
8272
11675
1348
16158
20674
6447
22284
27263
20918
23887
17657
17416
25703
11158
6738
2487
12139
11928
15461
7283
7582
15630
8475
27724
10588
18483
5071
31237
26611
2413
15456
4559
26967
13104
7301
9048
16408
10527
30561
23300
17810
885
22360
24698
28260
24996
9760
24163
17187
20540
2843
14190
20815
17933
996
3224
10373
31888
27432
30890
14327
10115
25015
9475
8218
20436
19930
7063
19614
21952
25832
31288
27299
24124
29460
27413
3882
12180
21897
1664
8649
16722
23225
500
24484
865
31985
20566
2712
8306
11057
6011
6329
16287
5180
7915
30719
2382
10219
7140
14908
29529
17094
32418
15697
6252
14293
9438
9122
7854
11444
5525
12487
29091
31718
10762
24197
21329
4459
18446
15868
2209
30101
4479
31009
9481
31255
11535
2159
14696
15711
3142
28890
27185
30758
21195
7685
12492
18757
17119
11444
19513
29642
21290
14724
9463
17227
20922
2010
10276
2682
14409
5401
24037
28666
5566
27672
16136
32113
12535
19667
3560
9439
18630
31840
13969
12334
5433
20773
31269
20234
28191
20297
27007
14066
15047
26984
29461
2447
3851
14731
2083
30021
6541
18007
7430
17417
18241
10372
2277
19570
16428
9361
2199
30994
8555
3254
26817
23046
6262
32539
6975
29900
17318
21575
15302
18005
31733
20955
18375
11099
27654
30080
3478
8949
6245
27678
5835
8041
15631
2383
4585
22849
9269
21267
32573
22689
23101
30149
9481
10455
25354
13389
3810
27188
21629
10392
7255
13850
31291
26693
25299
2391
26289
24993
26309
10417
5462
1238
28669
13250
560
3423
32089
23047
23194
32703
7074
26163
11076
12147
9137
5065
12155
24869
9174
25321
9643
23842
30842
24170
19746
1550
22530
2090
28950
18391
22007
24482
9450
29415
8548
14014
5549
22430
640
18667
5348
13823
23437
18545
16521
21929
12544
22019
27731
23049
31970
5780
12344
9935
20854
23405
16433
26782
3868
4221
28989
5640
12661
25840
4008
31929
30664
25091
27277
12018
27813
25622
14490
25914
4296
10754
14867
10320
11583
28334
15385
22371
4304
16605
24877
24197
15509
3402
21232
12638
17385
3831
16684
24093
25480
6594
21016
19636
5105
29497
26584
32325
6927
11695
24388
24791
24857
14736
11242
2894
3255
8433
30038
30106
10854
8555
6545
302
25373
6186
14567
26036
1585
29761
12013
22015
27254
9024
7363
28993
27303
11273
26775
21630
263
27615
22122
24640
17993
10688
7703
1677
22445
29685
8849
13590
26733
31719
11884
12209
599
25652
22943
28425
14779
13570
31880
22420
22663
27284
21552
23750
17585
21019
15313
25733
9685
10446
8085
32476
3616
12604
3233
17907
10860
13025
594
31295
15788
6136
26822
12022
27531
7569
20639
6854
5712
18915
24579
24774
21509
7395
4327
26029
16088
12054
9358
1346
9409
12963
28748
15379
23141
2732
26512
6506
13627
27870
1826
3453
28909
16711
1448
26597
1025
13416
28015
6737
10168
12172
872
4988
5942
11096
8049
18012
18916
4258
22998
12701
11539
7047
12824
31565
8418
29879
4845
29913
15457
29972
22407
6968
7414
18300
13849
26470
17664
23778
13208
788
19899
26276
1215
13726
28772
19224
85
7485
10909
18536
1714
2174
530
14753
640
1010
11101
12806
26303
28711
6183
25258
19979
13272
12432
32318
7970
24161
15313
3879
23201
20085
15392
29652
30222
12563
16853
30030
26651
27830
31178
11280
18985
19661
31495
10010
13068
362
6047
2369
12046
18238
13525
4297
31030
19397
28291
15669
22986
8638
2493
1886
19986
23006
31409
24515
23903
5061
465
26400
16204
6961
9269
5442
14148
25970
826
16921
18756
798
22384
17679
11234
23045
4787
7832
7055
15207
28055
24586
29465
10853
25610
17840
11636
26294
25908
14105
13497
3995
15010
8630
8815
29461
27300
24997
21770
23893
6643
11463
32433
31860
12439
13336
4420
11364
17928
28480
11166
16167
6292
18021
27671
5438
5120
3652
19533
6757
11122
2688
27173
31357
2703
27193
25100
8906
25056
29409
7811
25438
21114
19787
16602
17621
15582
10501
1851
26179
30494
10728
21483
30571
11841
21485
14797
9010
30441
26947
12840
32339
20787
28318
24489
20051
9183
18897
684
15544
29361
11935
695
19062
21526
19918
12615
6058
27147
31358
10704
21386
25147
14777
29439
26780
16743
28747
17730
14631
32267
8916
6794
32744
11839
31771
27472
10501
19675
3493
15574
14151
23006
32391
25775
2435
23057
7288
9601
5209
31207
810
2314
25633
22440
19931
7009
31523
14542
1831
27518
24582
11952
19232
29949
28812
28253
20384
22303
19580
24523
18142
32018
27871
10289
20544
7026
15214
13233
27504
9999
15948
570
8626
10481
11249
15277
22901
5017
31590
20286
2087
32138
17592
8734
13902
25864
1447
4439
2517
24864
7838
19191
19107
25576
7144
17008
5491
29192
7968
17471
12511
29561
31977
27852
14525
397
25312
1681
5039
22064
6607
4991
26358
16493
14372
1437
31879
16948
22689
27379
20321
15194
10580
4262
12829
17889
26314
24932
17351
10106
6016
770
9964
31816
7066
30564
12020
32487
25815
17566
30642
4525
27333
26712
6970
27951
12081
6775
31219
6151
26338
8954
18669
3029
6791
18209
23156
11140
21485
4565
21733
28367
11125
31556
19392
26371
18886
13260
28415
262
12735
5658
17574
10392
26287
1171
8348
12505
17097
13810
20153
9739
4562
13619
8992
27802
17437
6321
25807
20825
19897
13451
18036
28431
1513
19531
24962
3378
6868
1994
26501
23538
28030
12110
32179
12666
27127
29430
30403
11378
12243
16728
24322
24520
7897
29032
3747
27568
7168
17308
13910
10217
8855
32333
6685
17218
30147
10593
28251
31838
1582
11559
2862
22452
24574
22658
27135
30425
13572
4682
8536
29954
22326
14831
21237
27845
14176
31583
16413
2847
15382
6698
30771
21435
1261
30692
21896
31345
28139
22988
15475
30222
26427
12714
20644
12371
29989
28158
5301
30528
27710
5462
10242
5010
15836
12544
5819
10378
26829
19169
28727
16624
25161
677
6027
11608
2852
32281
604
6052
1352
14548
23025
28618
32099
30493
12940
5591
15581
24585
19707
25908
6157
740
5738
1320
3244
19410
23163
8863
9354
11190
23449
30506
28799
30547
17801
16710
12197
16818
11841
4577
30404
13763
6398
4890
27662
13126
12177
11337
27405
13036
9721
10047
9433
13754
31799
15055
4238
17327
4702
7821
16381
15782
17130
3029
27810
1662
30546
20495
20695
18295
27361
21554
8518
21471
4033
15751
15012
28655
19033
2992
22429
32496
30425
22504
25354
23713
27922
6540
14954
26077
30348
5083
29840
29817
27346
20730
153
21100
26129
20026
12577
26674
19937
15774
1975
10866
6243
152
21645
2782
2444
16404
32372
28762
23232
17847
1800
31329
163
31337
7976
5029
812
11793
24490
6134
7163
3231
31308
4453
3820
25680
30445
20649
28908
8493
20733
25794
20747
8662
2354
13788
30675
18813
32636
18293
12504
29493
10556
26050
21137
10861
30641
16975
30822
19639
690
17383
8970
30927
19363
3507
13067
28376
11426
421
29096
17896
18433
16920
7138
6855
3065
30384
9174
7156
7836
22664
7241
5865
17932
18828
645
27296
8427
31523
23140
854
17170
26642
20650
17295
2694
9629
22423
32346
16551
20462
29117
26326
23467
5563
7952
6389
29771
10020
8252
8064
17340
3034
1083
7004
15841
9350
13350
28683
7103
23401
29003
6517
27185
18495
31105
3817
28893
19306
17848
22367
1382
25676
5844
13056
7908
18165
17596
32232
15761
29950
941
12330
31428
23988
5077
7956
21796
18810
3869
25525
3349
5224
18758
2717
9591
31800
30263
28900
23696
1379
2709
29294
12614
15239
2709
19820
18578
20748
15118
24358
18225
25095
26835
7673
29597
24158
14911
29851
13371
24366
16145
25255
15830
27497
12922
1621
1612
28612
9077
29576
20359
28112
30551
31759
24239
9830
31399
19748
13214
17225
29743
1593
21653
17415
28243
11509
557
12832
10914
8825
26512
24682
29611
32231
6888
14772
16658
28709
536
25258
25059
5342
28587
13049
8485
21706
3081
18867
6323
15664
24305
16628
9799
28841
3363
17606
14040
5414
7773
4418
23590
25396
24457
7160
24723
14975
13621
27793
19764
24469
29251
26803
5672
18157
1762
5925
24872
4392
7101
7732
6752
7318
28018
341
19325
20476
31813
25099
26888
661
25622
18443
2546
9558
28816
13471
15728
4470
16804
1352
29449
8238
5173
27047
10476
28606
789
28829
21640
31152
21553
28850
14679
24160
9736
20403
8698
2492
4450
28063
12171
5449
4926
14021
13103
2919
21260
8486
17898
28629
6428
6432
4792
12663
2391
8526
1753
26967
30253
10666
23660
2795
24526
25076
13119
27030
29597
2904
11238
14192
8161
3403
14602
24906
4030
20918
6916
27629
9061
11350
14762
13987
14471
20834
20585
18169
22287
8047
8341
450
5648
16530
7676
30047
19708
26308
18881
6462
25880
10122
12136
9889
24364
15061
14381
28321
24959
8486
18586
20850
25090
29943
23640
15080
16588
27479
5190
18490
26310
18388
27336
31495
15528
18333
610
7574
3620
18408
17029
15458
11616
11154
13992
22742
27306
17413
25499
14677
13416
16735
1816
31357
29517
28113
30108
17837
30419
14404
2676
20676
1509
21059
24091
2860
26587
25877
14019
7192
31148
8745
26418
5641
9055
12984
4047
919
16835
19109
30205
12654
22624
25256
26023
22935
8109
23979
20764
5113
17284
7540
8990
12319
26066
19077
30517
23611
14739
21312
11338
15723
18942
26191
1392
23868
16892
27715
19717
4205
18399
17531
11770
15093
16721
18760
14191
5446
5002
24398
16003
22228
13255
5166
4714
27089
7159
4194
14016
3131
30647
24680
6172
537
7552
22818
28393
15618
10271
7037
17521
7390
17510
31569
20027
11761
1826
19848
5015
2069
24397
24963
4471
13126
30852
10681
20608
13668
8635
22433
8545
11573
3119
28371
29540
7850
30364
4970
31042
21603
6320
6060
4156
31348
25280
3309
7527
22122
26043
23472
21832
16521
30556
10000
8608
16984
26275
32606
6537
32352
21637
10252
16322
17712
1251
29897
31560
31652
15289
494
32294
13927
31384
19481
3725
11959
12886
27415
26151
29800
15620
29704
7081
300
13344
18109
19112
4369
30476
19045
28077
25675
30143
23913
7819
20020
5051
31892
12528
13713
14142
25975
23355
27159
22717
14348
24973
29486
9870
23449
30499
15348
4325
10967
18915
16517
20993
11092
27700
8314
18087
21526
4371
15023
10960
10113
20068
13898
3743
9339
22917
7416
6037
21197
29225
27258
25096
28364
28516
13665
5841
30778
8962
21781
2374
10343
1821
10524
29032
5019
27119
26009
5725
31160
3044
2323
32032
2588
25587
24440
28535
7877
32303
13922
28453
12984
10393
9880
26977
6051
25145
5848
16008
11969
16493
23508
29199
10494
16000
6522
5819
4700
11134
18808
19220
11413
10823
2816
23063
23810
30691
8136
21547
12731
27669
14934
13398
16896
26675
378
26033
28119
10292
27932
15641
16631
10763
24631
15144
31973
7988
9254
10851
3677
7308
10527
28085
29171
31845
12285
4893
19450
9946
16706
32419
14245
13408
5468
16784
4460
7838
21031
29150
16561
29567
16820
5614
17572
16005
26185
30841
2148
7264
4008
30921
16999
11455
21908
11049
25371
22118
7058
23962
22221
4480
493
21703
7883
11319
26620
21819
1477
15747
25511
19666
29561
14911
21032
12397
9104
24706
26127
25066
17346
27948
22153
12884
15681
20415
5089
21590
11605
20593
9543
21238
20803
23679
5073
24704
26996
27843
1727
4543
22483
14985
29955
22899
32119
13983
4097
22528
7042
30379
19347
21348
15177
3265
10064
27499
25013
32053
7438
24102
4585
18094
22693
28825
25380
12412
7414
20404
11753
21292
31276
32133
5214
3929
14658
7851
27123
26309
8390
15374
15939
27560
30428
19661
3903
14919
25733
7288
26249
12489
7713
24960
26142
22854
30003
6123
2104
14882
14181
29772
5747
153
32460
755
7214
14746
22380
18273
22580
3289
24063
28671
29084
11808
15346
29199
29677
30949
9393
8674
22150
27170
14372
6987
4925
27745
28281
3669
4167
10774
28965
17457
24920
23090
1317
28786
9226
15093
27274
8829
31619
12036
21812
27450
28498
12475
25310
2832
12699
4036
12891
15377
4212
11497
30
27761
5774
10278
27648
32061
7960
13571
19518
22857
24800
2337
12737
30827
13500
6418
419
8934
6952
5997
18414
2345
17712
27170
10151
954
9361
2572
3083
3949
18203
197
32536
23001
345
30910
18767
29196
11380
5007
16057
29054
31573
31371
23848
12612
11018
23960
8127
24454
4715
21566
11188
2355
21757
21757
14933
27635
15638
14052
25673
9310
322
29023
12825
3179
30950
3665
5615
24107
1059
610
12957
28343
11005
24475
5088
5479
14269
5680
15334
4932
20627
14236
10767
3776
21632
28659
16113
30629
32627
10612
8606
26444
6579
3678
2601
20751
13948
23814
5478
5888
17901
16933
1522
22236
32290
11638
5747
826
24477
21633
16673
7432
22762
22449
8326
8504
19842
15789
19841
32439
1009
14565
24209
10399
16180
27499
27728
6317
1893
7429
16190
22005
26010
6016
2752
21460
5898
7495
22889
15655
31601
11828
3703
32698
17078
3749
8353
11268
7627
17619
29200
32017
30422
95
27051
7359
29838
8238
12695
30765
19687
19063
16126
14449
10993
19226
1808
13193
11261
11316
1352
27028
14339
15600
30449
25155
14656
31392
28648
32394
30499
4108
11427
4763
6250
24329
17778
23572
4233
18510
9989
10359
31819
9604
29743
16348
12731
10652
13545
26594
1861
7013
30362
4843
5657
7774
16790
3977
31696
32201
2020
19507
24402
11776
28996
829
15607
30732
10352
25351
15852
884
3491
1652
7897
12883
29272
20893
27072
941
16980
1735
1833
28675
15846
10131
27260
29733
10606
30325
23982
15944
5660
11367
12319
12632
10234
14047
19651
12944
32045
4606
31617
30023
6776
4874
20952
14605
257
14110
5832
11766
20824
18976
7664
29494
8117
31220
24052
25582
23937
10735
17953
9798
31768
6799
5972
12476
11470
14697
17431
14780
25136
11618
7182
17776
30348
29474
18066
17881
7091
7622
20635
287
30717
4053
20963
12837
5262
16502
27976
5985
216
24800
12402
25579
20321
30225
5815
18131
20422
15043
13115
31928
10753
23964
18012
8086
16103
28581
16973
10464
29172
5885
768
22991
16459
22991
15690
32249
18681
5505
26946
15397
10874
30254
11242
26974
22910
599
1041
4678
21741
3797
15991
11949
23336
12050
30003
13154
1170
30073
7762
30281
26447
6187
28097
6318
10315
19956
3693
27609
7550
30589
30376
995
25967
26819
23503
27848
6135
26311
2345
13756
29768
11656
7699
18115
12333
4654
30554
13436
19604
5512
18409
1597
4937
31416
9380
8805
8708
13869
1939
21742
9894
18642
3651
9282
12480
23429
30569
26704
15445
11979
9161
22494
23009
12994
7766
33
6041
23383
28571
23179
4085
1208
16473
29924
16748
31757
3954
24476
4990
99
32517
22112
11512
20456
31963
22251
32628
5470
18946
6687
11295
18890
9655
9044
9663
24172
8074
23024
13300
17140
21692
24887
15293
7155
7404
8805
28991
15760
27122
15610
22210
15996
24332
20822
11517
14120
25400
22917
14483
309
13024
1116
221
2860
13500
18117
27626
5231
5621
5975
23492
25967
29062
2090
12533
22560
1768
13033
22090
17578
17390
11048
14807
9826
9710
27384
22331
3320
13857
28089
14118
11761
9548
27952
2072
10840
19104
29914
13419
23729
2527
16255
6547
17199
25793
4873
17573
23079
15254
3735
22550
31427
300
7886
32453
4603
26099
3183
4156
17345
15967
22831
18995
20092
10382
24259
17238
17080
13611
25658
31561
25372
6034
7567
11240
16540
8501
18815
16339
26352
3134
24984
4650
11588
22902
4243
23445
32561
17765
25315
28808
12780
6331
25998
13509
14781
22510
10044
26658
21427
5669
20365
12428
30615
28501
16560
1356
9758
28073
30514
24457
26466
24104
7187
21518
3475
22674
32031
31310
4074
32394
24443
17573
4575
13818
24703
11745
27292
25268
22723
24577
16561
25429
30077
14397
3593
21871
31754
19526
8221
25831
27594
21710
26727
10907
29233
8523
12570
24136
25883
30968
2576
24492
14176
3357
516
23271
7081
24721
1
3111
18818
18557
20762
26244
6320
27234
15964
8745
26308
23390
16129
30133
31472
17579
6886
32481
23578
12648
4416
7778
19759
27036
22410
19217
25530
32376
1218
8265
27829
27612
15572
11152
5022
29469
12375
15738
32718
4870
17527
16843
23559
16668
30514
25308
31820
18470
21448
31808
5621
28653
2924
8358
15874
21057
1600
14081
8624
316
128
29415
11594
25291
2045
11319
5442
25961
28110
23039
30080
29230
66
13469
31482
16393
8473
17188
19333
27722
3059
22529
8170
31843
24840
16606
17469
11503
18458
11718
29290
12787
16296
5002
15121
19556
27749
3428
28820
22762
31976
475
18542
15332
30117
3814
9926
20140
31004
340
18499
12828
24656
23403
15907
10833
14203
11984
28807
26542
29440
19879
6929
24868
28833
5882
30641
9137
6386
25183
3004
15143
13581
20181
19263
6191
19592
30960
1682
6029
8100
23606
22064
3750
4551
25544
30917
319
6189
28229
22409
25735
218
18667
9421
4952
9683
26111
18643
22458
24717
21103
4323
11689
20902
11959
21659
8984
20691
12033
1415
31029
6426
26256
23794
27375
1345
25182
7163
15541
28806
22276
4587
31105
3984
26075
23749
278
21926
15713
6175
19334
14879
6366
28209
1526
29209
25415
16172
27813
29294
354
21197
1579
19940
1835
18481
9215
17316
23671
14315
19516
4590
5335
15444
28837
24842
32447
21538
5862
23170
11751
21308
22045
16526
1266
21965
19864
6608
590
27031
30944
17729
21595
24971
1271
2668
30927
1942
2783
31194
27481
8381
21339
12749
10116
30572
2042
23345
479
24587
30032
29391
7259
27603
17031
12996
31220
15840
16919
12337
30099
13959
16337
309
8243
26857
28706
32536
19011
3784
25750
30921
15436
28314
10651
27019
25300
26588
29064
2027
29058
6569
28893
16629
16771
22411
20428
29607
28459
24721
21753
166
31456
3234
11647
560
28980
25616
30259
16466
24145
21872
27180
13659
4250
32170
23171
13968
28303
13900
21335
5409
25585
24100
4628
19292
10791
4109
12533
2593
28641
15369
11208
14998
9211
22160
8690
18459
26532
4648
31154
18049
27583
22326
18602
18550
15753
28180
9627
31300
18045
3939
18288
21692
885
20131
5502
31852
14097
4865
3338
8473
7004
4719
8203
29033
22189
762
28978
30431
14284
30296
4392
28172
32086
5057
8471
28420
11363
9217
32363
31248
14949
9162
23514
15522
3668
20558
27553
8846
7432
25101
32529
1910
9446
27116
16203
7302
19646
1160
25416
22114
10740
22473
1820
30557
29150
3770
2171
2540
23150
18328
3196
24410
28177
10281
4765
26301
22230
3150
14599
28712
25811
732
5652
12322
21445
3240
19215
5975
5110
20961
13371
21134
6756
16803
23062
1755
31775
20424
2014
7702
22771
17666
11093
14219
22855
21799
25026
4339
17221
28619
22072
31652
27451
32532
21786
12804
833
2250
14559
8515
3613
26030
5139
31562
31075
781
15518
9454
8929
25236
7241
21610
19769
19558
27262
29708
18384
26476
13135
7470
19943
11244
20411
16232
24840
25694
13100
18436
8868
12411
12867
23986
28922
16022
9944
1149
19258
12079
5437
15870
16619
22214
14019
31184
28810
20973
3456
27204
22900
8097
25935
4437
1286
13786
26135
6622
19202
17505
6993
20746
13620
6626
5316
21516
18006
24386
1171
17937
10290
7474
32378
8819
1286
16389
15445
32560
4140
3518
3042
21402
506
17006
18887
5968
2792
18109
3543
19820
496
13510
27793
20478
21051
7976
29161
28602
27641
20057
14668
15341
15505
26686
18142
1718
29178
13817
1542
31090
3432
31747
4396
19832
2348
6266
9921
32007
5589
23484
28544
124
12956
20276
31220
27592
9471
24180
3899
34
5035
5764
17673
1529
18591
28538
28912
813
24207
21579
24798
8574
23942
23777
31975
22853
2768
28270
13892
13410
28695
13823
26524
15733
24012
12628
2691
28497
27849
14831
26177
14509
17204
18027
7124
26653
8358
22031
13112
5185
30092
15011
3557
21564
2510
13442
25242
23656
30383
5361
9817
21321
30709
23215
1714
29375
22601
31950
22853
18815
31968
22464
9347
12483
21595
28853
9652
19009
11500
805
30782
6746
13755
3240
16932
4757
12168
19214
2509
8267
4241
24748
6407
5028
8118
4852
4427
29378
19163
22345
5443
3387
15502
8721
11145
25549
29929
11275
16050
14413
27066
8674
24203
23009
29154
29187
9890
367
32763
11436
28168
21077
28734
10822
9302
21339
28067
27637
32750
29669
12873
27245
24963
29038
10009
18183
4316
12593
9895
4884
14036
25129
26456
8561
14502
31548
20682
5724
22631
27060
16496
10629
16084
1006
381
20072
21070
5206
31748
14043
32547
4243
24413
25571
21775
20734
19402
14540
7683
23641
16218
17529
21028
7102
18958
13560
3351
2773
19771
10585
26748
14410
18991
21953
24504
10878
1047
11706
8440
31869
31009
2253
28531
18225
30429
30035
31471
10965
19945
11656
20614
3243
26829
25313
18602
23794
18980
21408
5735
30995
13821
24229
23528
32283
2688
2439
26685
8045
3029
11491
603
21945
10049
15092
25956
31272
29074
21604
21033
8665
25790
8034
23022
19857
8391
5365
18029
16814
13281
14480
17181
6749
11735
28134
11187
28685
683
24831
9193
8228
125
13452
23679
3568
23725
27256
10624
28640
7236
15039
19911
31988
23440
19587
8129
3698
14607
1373
27509
2523
26511
25329
13761
10013
11154
4805
17638
26378
18423
15443
4679
19977
7639
12636
2413
14091
942
30848
14415
21185
6075
26124
21712
9997
4521
14099
15242
8886
22382
25280
19402
6495
22900
5610
17627
15290
31222
3305
2184
24569
942
16296
26332
11909
29613
5116
22316
1779
6794
2612
16984
12596
22718
6130
16973
12043
31311
9529
31438
16836
30124
24518
28533
30756
4568
22692
31476
22684
14283
8187
19361
31681
29462
21289
2354
11009
26053
20755
1988
22414
13193
2237
11299
32159
10263
5657
25925
18392
7371
8477
24343
1798
24977
13080
21117
21008
11525
30278
5779
25131
22489
5026
22330
32588
26487
8955
5328
4323
11240
24906
20798
9926
29941
8515
3640
3691
8844
10794
192
18523
5221
30952
7660
29155
15588
5982
25834
30477
23362
32249
2625
8399
8424
13191
26713
21377
17947
8009
22846
4500
20958
16713
23969
5762
6420
17645
13600
7681
14566
8653
19399
11132
4196
16066
8406
26051
32111
19263
2756
23298
24790
17125
31877
16624
11711
20305
12297
1352
2121
31801
23045
17021
14191
29111
19189
27818
28208
10468
8546
19143
12268
20137
29024
4131
21522
18642
1372
10766
27896
4452
7188
5590
5642
23601
18407
21238
27943
15017
21327
17801
15176
12787
20140
7429
4195
30525
11075
4901
22159
18000
1926
5927
8296
1639
4246
14648
14005
12609
7430
27181
10568
12405
25826
25459
26406
9478
31471
19273
8680
19767
27445
26924
97
31904
8891
32403
25729
23170
1170
6109
18553
23128
20500
27016
30496
8878
15470
3491
9110
22070
27996
13702
9255
29465
9524
9152
21618
15499
22566
593
25290
25250
1218
26906
3292
23656
30138
10385
3986
10287
20714
11449
20024
26148
6037
3154
29918
295
31730
6220
6653
23002
12263
32642
9053
10232
4372
23205
29237
1513
22035
13430
6805
23187
8446
25145
10753
5490
6962
16486
16734
28907
32339
10145
1555
11997
11921
11756
11880
890
18985
2076
11569
8789
21038
8073
16561
8635
20617
12298
26809
10311
7999
545
2064
6321
13554
5490
13591
12263
6827
20346
32173
18783
28374
637
8785
15787
6542
24768
3206
3918
5659
12281
1148
22990
30137
20740
27116
14090
32667
28631
29764
3790
4656
28600
15876
1189
10661
26542
8040
30702
12203
17205
7239
18994
30842
23349
26939
24501
4374
6965
19458
3659
17105
1740
23332
28269
28689
13145
24790
17036
11859
2548
25887
26789
16752
26021
9017
2582
23583
25043
28218
32176
18876
27903
18676
4109
25928
29618
13593
9764
432
14259
32163
28186
10066
10110
114
4700
19133
18930
15159
8938
24760
4682
8082
10486
29575
12366
29303
6317
7529
12490
15062
5461
3173
576
891
15256
29510
12762
29747
26143
3045
29858
1584
8291
3750
20725
22446
15296
17221
31797
25303
15052
3795
16575
7140
1766
8955
29
14982
9234
12938
9596
12932
22276
20271
7264
8101
29050
21630
8086
10448
14543
1083
29803
7794
6861
14294
26139
22560
9412
19250
5516
5502
28888
9386
28988
26207
32159
32342
27000
24109
9196
21642
13520
5772
7909
7584
14535
17722
23132
12024
27343
26937
31580
29500
15732
21297
22273
21993
28119
3344
19341
2059
17758
25843
12217
584
9130
8009
19529
26655
25801
5173
5091
12402
30637
15413
3361
14146
14557
28674
8933
7355
25963
24503
20205
5488
14886
1332
21159
4071
4880
5573
29254
21336
7955
14079
26133
31666
31727
31467
30219
30431
20087
26471
29600
26441
11005
3272
1504
3997
25099
28612
31678
11215
1364
19088
6314
23390
14569
26949
3942
217
9392
9608
7957
15010
6675
17770
1685
22770
16885
16781
16910
29981
26346
13961
18123
3607
12199
1421
12617
20023
23991
26698
6542
24124
25712
31756
444
27022
27686
2090
4838
14278
5534
929
7202
32623
4549
7676
2016
22030
24994
20343
15226
24929
21130
13411
5388
11749
2707
14284
31621
20122
14667
20826
13566
10762
16553
23157
30539
6280
27203
16044
26320
14262
31938
2904
30614
5962
17811
8828
25759
8977
27360
5360
12662
28212
6591
26559
27145
17338
25769
18637
5307
8270
26157
30397
2742
31042
31717
24593
10878
29909
11690
15763
6348
30641
5380
11252
921
11192
22756
2228
7033
25600
4502
5697
14122
540
10481
11107
21869
16542
2769
29143
28948
1753
14791
30779
23389
10732
7182
6954
4222
16124
5313
2471
14977
25280
15692
26815
22098
6723
21281
23146
12055
12517
11692
27571
9151
14243
20616
11800
27358
2457
28147
52
18616
31173
28031
18843
27547
3598
19211
11782
25203
27525
25074
31664
24984
22506
30850
22783
18922
29810
8112
30055
9760
5575
15113
16780
4701
23889
17644
29350
16900
30644
8951
21802
6094
9370
7871
12967
1050
27570
22212
20205
7556
8953
15268
16501
10168
10808
28046
10237
31881
32717
3578
2931
2877
4783
22935
22548
25131
30125
7813
20437
30345
22518
25285
26114
7807
26334
20206
20261
29055
31967
12577
18473
729
16862
11326
22719
10890
8368
26456
5377
20565
13789
20839
8789
27926
7076
19773
917
13906
14143
22972
28781
10258
27496
2629
15364
24818
21531
25459
3806
1141
28574
28682
30721
6043
22719
8746
6486
2998
30301
21705
29523
27513
17449
352
5079
24146
6318
32227
11349
30202
3215
22263
21301
31306
26384
6752
29815
10064
13272
9656
13722
4514
26102
19815
20668
9458
11297
28623
11010
28899
23108
18631
10810
14363
3130
6475
3519
30105
26069
30577
20125
19529
5158
23199
19190
5334
29688
14332
16549
32192
414
17188
23328
29102
30191
10016
22691
14341
13454
19349
2699
953
28527
31291
13568
25700
9110
30865
4566
19861
21282
27088
31413
10346
8331
3357
32376
9057
12072
11266
26068
13419
27892
19743
27450
322
10641
32541
10750
8701
7821
20452
2232
29154
19685
17422
8939
25211
21447
25243
30180
1260
9372
10470
21733
15747
14406
31447
26755
21905
10662
25435
15693
24440
22882
14609
9646
8454
32485
31559
29461
30721
19111
31524
19026
27907
32174
9510
5956
26760
6741
32464
25521
15942
4684
11420
5493
701
5600
5175
22495
24334
26748
28397
13400
22288
24176
24674
7749
13729
26610
25988
30255
4922
19810
12221
18465
10951
211
16493
18770
28853
10438
22679
22788
8268
18488
4315
2220
13119
10208
11684
28499
30593
25778
930
19516
14171
18343
123
15559
10172
19136
11197
2453
4304
28489
13336
20205
25811
18779
23754
1119
14632
25764
24410
10151
21925
26218
5513
3796
20018
4302
32646
9641
23186
2894
31329
6723
24704
5262
15042
15612
25598
344
24539
6032
20970
11489
12955
32638
22738
15950
25892
10161
17417
26486
26240
30048
3322
234
7823
7219
5821
10035
9796
17831
18408
15706
20497
18355
30376
30894
5280
11948
23312
22977
14276
7782
31664
14004
14767
20124
18538
15028
26725
9873
22401
32453
9585
15352
30963
8126
13270
14609
5129
30101
8776
28182
812
20445
9628
4565
25082
23437
30590
30110
409
5635
3426
12383
30539
29001
15293
1294
31043
3478
6516
2119
32184
11288
14228
18743
20535
16112
325
440
4413
14975
22521
4541
21509
3040
16361
18929
20127
22709
12482
18843
20546
27687
24219
29637
29155
29992
3883
16285
13574
31227
20281
26651
1237
9463
7251
16100
19823
20104
22211
9839
7554
26742
4031
30566
1564
11882
2016
21839
11454
16302
29142
13931
17331
1588
19801
8926
23711
3802
28258
28433
18779
14060
1180
30037
32512
21226
14101
4809
12098
12940
10298
27517
3072
9732
30210
14807
26904
26755
2665
11574
12416
5118
20512
7126
23699
562
8067
3060
27816
16102
30667
22578
2025
28528
22661
29500
16995
21370
20291
3756
14425
17158
3473
10539
29662
19888
6954
18393
20643
24371
30828
24304
21005
3375
17674
11684
8074
29226
16129
4429
6950
14804
11725
5063
18009
17039
3548
14617
26915
30766
4163
20566
12123
19453
17072
19393
12357
28162
29599
25652
5218
11139
9937
3011
19852
5833
11770
29596
5442
23587
14779
10545
9536
26669
30415
3738
24146
17233
2953
12852
20843
18063
2430
18831
24305
3450
10111
21383
24668
18819
22474
9648
4095
23162
3712
26872
8997
20562
19546
18823
19040
14885
16792
24042
3102
26231
7483
2417
11645
30911
23668
24021
7521
30756
11868
16414
5571
15236
16357
21700
26444
22202
1041
30485
8994
27937
19554
16342
5890
3412
17809
24365
20367
31288
11395
19903
5353
1341
20344
6421
5506
24032
12166
20292
13101
31349
22086
19917
9848
32291
13261
30658
27708
16432
6365
5930
12658
22654
8541
28071
12616
21846
8967
14422
14709
32357
29793
10999
18633
18692
8174
9806
31752
25021
22437
11720
15608
28426
15522
24674
26553
29023
20252
30919
23125
25707
6807
6328
8856
1436
29274
25521
15906
25569
21028
11466
8378
7347
14107
15323
29925
27222
1285
28131
19127
26460
19386
13483
10474
11116
217
14758
13357
9537
443
10268
24766
22005
29093
25223
25147
20864
18498
10046
19894
10364
9296
26704
8711
7979
13977
23219
10854
21946
22821
158
28473
17863
9902
13107
10538
14626
9812
28513
27261
7632
24466
27145
29344
23382
27249
12127
24580
3380
20475
20884
13356
18095
20211
27314
24068
17363
22723
30151
15987
11193
23222
17221
23347
18438
10087
3241
13281
21940
5242
27483
27984
21269
8329
14037
18211
28436
13665
3592
3995
32191
23151
4091
2477
5634
27509
1974
31064
15541
10113
3934
18997
16602
11296
28321
1104
11551
12495
14421
822
29355
5810
27483
9039
12566
8329
6858
22894
16313
26335
24905
26791
23593
23684
9149
10849
8702
30526
26405
7339
12249
20668
15809
10964
7589
21451
3962
